339 167
437 167
71 167
226 167
187 167
223 167
2 167
131 167
106 167
460 167
94 167
129 167
425 167
345 478
283 478
313 478
345 167
283 167
380 167
378 167
255 167
356 167
206 167
368 167
313 167
89 472
89 419
472 419
419 198
89 478
472 478
419 478
198 478
89 167
472 167
419 167
198 167
478 167
179 89
102 89
338 89
376 89
345 283
283 380
380 378
345 89
283 89
283 472
380 89
380 472
378 89
378 472
235 89
111 89
461 89
246 89
473 89
179 345
179 283
102 345
102 283
338 345
338 283
376 345
376 283
298 345
344 345
68 345
158 327
179 102
456 158
456 327
18 158
18 327
171 212
212 279
171 158
171 327
212 158
212 327
366 158
366 327
333 327
18 171
469 456
333 171
18 212
485 212
485 279
101 212
101 279
448 279
239 485
445 485
188 212
210 212
303 212
445 212
188 210
210 303
239 101
239 279
485 101
299 448
214 448
299 279
335 345
191 345
410 345
498 345
181 345
331 345
42 345
399 345
19 179
24 102
406 102
19 345
24 345
406 345
298 179
344 179
68 179
68 102
335 179
396 298
335 344
344 19
179 410
179 498
179 331
344 498
42 102
399 102
77 102
24 68
406 68
191 19
410 19
498 19
181 331
42 24
399 24
399 406
77 406
399 68
77 68
102 338
102 376
102 26
102 265
68 265
102 296
68 296
144 89
428 89
477 89
316 89
118 89
490 89
235 283
111 283
461 283
246 283
473 283
338 376
199 283
61 283
383 283
144 338
144 376
144 283
235 338
235 376
296 265
373 26
447 26
373 447
308 338
308 376
144 235
199 144
338 461
376 461
283 365
283 93
283 428
283 477
144 461
61 111
61 461
93 89
357 89
397 89
69 89
160 89
273 89
310 89
111 461
246 473
365 111
365 461
428 477
428 246
477 246
477 357
316 246
316 473
118 246
118 473
490 246
490 473
397 316
357 246
397 246
316 118
316 490
69 118
69 490
69 473
160 473
273 473
310 473
118 490
160 310
89 200
89 360
89 479
89 207
89 392
89 398
89 209
276 472
464 472
155 472
92 472
442 472
392 360
392 479
398 360
398 479
360 479
392 398
207 200
126 200
432 200
126 432
125 380
243 380
288 380
242 380
62 380
148 380
496 380
125 472
243 472
288 472
242 472
62 472
148 472
496 472
92 380
442 380
3 312
105 312
422 312
475 312
3 105
3 422
3 475
105 422
105 475
422 475
284 92
243 442
288 442
442 242
288 242
148 496
380 276
380 464
380 155
472 258
472 484
472 248
62 378
496 378
442 378
380 178
380 241
380 371
380 258
380 484
380 248
472 178
472 241
472 371
472 465
62 464
496 464
276 378
464 378
155 378
178 378
241 378
371 378
465 378
322 378
381 378
258 378
484 378
248 378
276 464
276 155
258 276
258 464
484 155
178 258
371 258
178 276
178 464
241 276
371 276
241 371
155 248
155 322
155 381
322 248
53 248
369 339
134 339
132 339
110 132
337 132
441 132
110 337
110 441
201 339
201 134
155 167
339 419
380 419
378 419
339 416
423 167
31 167
278 167
363 167
326 167
10 167
413 167
65 167
491 167
149 167
84 167
317 167
39 167
389 167
494 167
58 167
27 167
402 167
127 167
292 167
189 167
219 167
60 167
112 167
57 167
150 167
52 167
81 167
211 167
386 167
305 167
443 167
293 167
437 419
71 419
226 419
187 419
223 419
131 198
106 198
255 419
356 419
219 419
60 419
112 419
57 419
150 419
437 255
71 255
226 255
187 255
122 419
222 419
434 419
114 419
423 419
446 419
21 419
31 419
8 419
437 71
437 226
71 226
114 437
60 112
60 437
112 437
1 219
122 219
185 219
222 219
434 219
1 122
1 185
122 185
122 222
122 434
185 222
185 434
222 434
362 437
466 437
182 437
324 437
415 437
467 437
114 60
114 112
55 114
109 114
311 336
311 55
311 204
336 55
336 204
55 109
55 204
91 112
240 60
240 112
362 60
362 112
466 60
466 112
182 60
182 112
324 60
324 112
415 60
415 112
467 60
467 112
91 240
91 466
240 466
362 466
362 182
362 324
362 415
182 324
182 415
182 467
324 415
324 467
415 467
109 419
91 419
240 419
362 419
466 419
182 419
324 419
415 419
467 419
60 71
112 71
112 226
437 423
437 446
437 31
437 495
272 419
495 419
225 419
256 419
275 419
462 419
330 419
458 419
137 419
294 419
166 419
349 419
108 419
423 71
423 226
446 71
446 226
21 71
21 226
31 71
31 226
272 71
272 226
495 71
225 71
225 226
256 71
256 226
275 226
462 71
462 226
272 423
272 446
495 423
423 446
272 21
272 31
423 21
423 31
446 21
446 31
225 21
225 31
256 21
256 31
275 21
275 31
462 31
21 31
225 256
275 462
166 8
349 8
166 349
71 187
226 187
419 278
108 255
196 255
8 255
108 187
108 104
57 255
150 255
104 255
341 255
287 255
385 255
435 255
4 255
163 255
387 255
15 255
492 255
278 187
278 255
363 255
104 187
341 187
287 187
385 187
435 187
4 187
163 187
387 187
15 187
341 287
341 385
287 385
385 435
387 278
15 278
492 278
4 163
4 387
163 387
15 492
418 363
66 254
253 57
57 150
326 57
326 150
186 10
244 10
186 244
180 52
364 52
180 364
387 167
254 167
253 167
286 167
79 167
186 167
244 167
180 167
364 167
173 167
52 223
180 223
173 223
173 216
216 167
90 167
321 167
361 167
123 167
38 167
208 167
252 167
328 167
271 167
32 167
9 167
301 167
162 167
82 167
159 167
443 198
293 198
223 356
2 356
81 356
223 2
38 356
208 356
252 356
328 356
271 356
32 356
9 356
413 223
491 223
413 356
65 356
491 356
149 356
81 2
216 223
321 223
361 223
123 223
216 413
321 413
90 361
90 123
361 123
123 491
38 65
38 491
208 65
65 491
208 252
208 149
252 149
65 149
271 2
32 2
9 2
301 2
328 149
9 81
301 81
9 301
2 84
81 84
2 162
81 162
211 386
389 211
389 386
494 211
159 389
159 386
389 494
211 305
494 305
211 156
59 198
189 198
190 198
340 198
205 198
280 198
131 106
402 131
72 131
127 131
292 131
443 293
305 131
443 131
293 131
58 305
27 305
493 58
156 305
493 305
58 27
402 443
402 127
41 131
142 131
72 443
127 443
292 443
292 293
72 41
72 142
72 292
443 41
443 142
41 292
140 292
142 292
375 293
41 142
72 106
292 106
443 106
293 106
140 106
142 106
375 106
282 198
351 198
189 106
404 106
499 106
88 189
59 189
88 250
88 452
250 452
190 340
282 280
351 280
89 313
158 313
327 313
171 313
212 313
158 116
327 116
456 116
456 313
158 488
158 22
327 22
456 22
456 488
198 460
198 94
198 129
198 206
167 16
198 16
198 95
106 460
198 231
198 408
198 459
205 460
280 460
198 99
198 120
198 165
198 192
198 193
198 12
205 231
205 408
206 368
94 206
129 206
129 368
425 206
425 368
231 460
408 460
459 460
16 460
99 460
120 460
165 460
192 460
408 16
231 408
99 16
120 16
165 16
192 16
120 165
120 192
165 192
193 12
12 459
304 51
251 390
257 94
481 94
263 94
75 95
259 95
213 468
20 285
257 263
481 263
194 257
470 257
194 263
194 470
263 206
94 129
481 206
119 368
129 425
98 206
177 206
176 206
449 206
103 129
169 129
103 206
169 206
177 129
176 129
449 129
450 129
98 103
177 103
98 177
103 169
176 449
176 450
449 450
176 425
449 425
129 136
136 425
56 261
56 391
157 261
157 391
261 391
56 157
261 368
261 146
261 482
391 146
391 482
343 368
147 368
151 368
63 368
291 368
471 368
264 368
463 368
329 368
133 368
270 368
346 368
314 368
5 368
36 329
343 329
146 482
147 133
147 270
147 346
151 133
151 270
151 346
133 270
133 346
270 346
133 119
270 119
346 119
133 291
346 291
133 314
314 119
63 314
291 314
471 314
463 314
63 119
291 119
471 119
463 119
63 291
63 471
291 471
264 463
269 440
34 358
34 412
154 358
154 412
358 412
34 382
440 401
269 309
269 401
440 309
309 401
232 17
86 17
306 17
203 170
203 388
170 367
170 388
367 388
325 487
203 17
170 17
367 17
388 17
487 17
80 17
249 17
414 17
220 17
232 203
232 170
86 170
86 367
86 388
306 170
306 367
306 388
46 232
46 203
80 203
80 170
80 388
249 170
249 388
414 306
220 86
414 170
414 367
414 388
220 367
220 388
86 195
195 487
454 195
454 487
14 487
29 487
14 29
325 30
325 342
307 218
30 342
13 97
354 97
421 218
245 218
128 307
168 307
480 307
230 168
230 480
168 480
307 421
218 274
218 237
218 266
266 274
74 237
202 237
85 262
48 139
175 139
48 175
85 23
262 23
139 23
48 23
175 23
139 100
48 100
217 478
73 478
234 478
395 478
113 478
40 478
233 478
33 478
7 478
23 478
37 478
197 478
267 478
429 478
497 478
302 478
455 478
70 478
145 478
334 478
400 478
78 478
67 478
350 478
100 23
161 23
281 23
347 23
117 217
64 23
319 23
64 319
64 161
49 161
49 281
49 347
49 433
161 281
161 347
161 433
281 347
281 433
347 433
394 143
457 143
352 117
247 117
247 217
405 117
405 217
247 405
117 37
217 37
217 438
215 37
227 37
384 37
438 37
87 37
164 37
73 37
411 37
45 37
483 37
411 215
411 227
411 384
411 438
215 227
215 384
215 438
227 384
227 438
384 438
215 87
227 87
384 87
45 164
483 164
87 164
45 483
0 290
0 370
290 370
0 431
124 73
130 73
353 73
124 130
124 353
130 353
37 197
37 267
73 234
73 197
73 267
124 197
124 267
130 197
130 267
353 197
353 267
73 332
73 372
318 478
320 478
224 478
96 478
107 478
420 478
135 478
43 478
260 478
197 267
332 197
332 267
234 197
234 267
395 267
372 197
372 267
427 197
427 267
372 332
427 234
455 395
70 395
145 395
153 395
297 395
153 297
455 50
455 145
395 50
50 145
70 145
70 334
70 318
334 318
400 113
320 400
320 113
113 78
224 78
96 107
96 420
107 420
43 350
260 350
67 350
43 260
478 444
478 6
478 172
478 83
478 289
478 28
478 54
478 174
478 474
67 429
350 429
43 429
260 429
67 40
350 40
43 40
260 40
116 313
444 429
172 429
40 233
40 429
233 429
33 429
28 429
54 429
444 40
444 233
28 40
54 40
28 54
28 233
54 233
233 172
174 172
6 33
172 33
474 6
474 172
474 33
152 33
6 172
359 83
374 83
315 83
315 289
83 289
359 374
451 497
7 497
141 497
221 497
451 7
121 7
141 221
497 44
141 44
476 313
22 313
348 302
268 302
184 486
76 355
403 355
424 355
76 403
76 424
11 313
426 313
436 313
379 313
488 116
439 313
488 313
476 116
22 116
183 229
439 476
426 116
436 116
379 116
488 22
11 476
379 22
426 436
