68 89
60 89
57 89
81 89
16 89
73 89
7 89
33 89
40 89
22 89
71 89
2 89
94 89
17 89
23 89
37 89
18 89
19 89
24 89
26 89
92 89
1 89
21 89
31 89
71 2
42 89
77 89
61 89
93 89
69 89
3 89
62 89
42 68
77 68
19 24
19 68
24 68
42 19
42 24
77 24
42 77
24 26
68 26
3 92
60 71
52 2
57 71
57 2
81 2
1 71
8 71
21 71
31 71
52 57
55 60
91 60
55 71
91 71
8 21
8 31
21 31
1 60
21 60
31 60
55 91
15 57
66 57
79 52
79 57
10 52
10 57
4 15
79 10
10 2
52 81
57 81
52 90
52 65
65 2
39 2
84 2
58 2
38 81
90 81
9 81
32 81
82 81
38 2
90 2
9 2
32 2
82 2
39 84
65 81
39 81
84 81
38 65
90 65
32 65
38 90
9 32
9 84
9 82
82 39
82 84
27 58
41 72
88 59
18 22
59 16
94 17
17 23
17 37
23 37
16 94
95 94
16 95
99 16
12 16
12 95
51 16
51 95
20 95
75 95
20 94
75 94
99 12
12 51
94 98
94 56
56 36
63 5
5 17
5 34
86 17
30 17
97 17
34 17
47 17
46 17
80 17
14 17
29 17
80 86
14 86
29 86
46 80
14 29
86 30
17 13
14 30
29 30
30 97
13 30
13 97
25 85
48 85
30 23
97 23
85 23
85 37
25 23
74 23
48 23
73 23
73 37
40 37
87 23
87 37
70 37
45 73
0 73
49 23
64 23
45 37
0 37
87 73
49 64
45 87
0 87
45 0
73 70
70 78
67 78
50 70
43 67
96 67
96 78
73 40
43 40
96 40
70 40
67 33
67 40
78 40
67 54
7 33
7 40
33 40
28 33
28 40
54 33
54 40
35 7
44 7
6 83
6 7
6 33
6 40
83 7
83 33
83 40
54 6
28 54
35 44
11 22
